165 96000 120
74 0 750
67 750 1500
71 1500 2008
71 3500 4000
74 4000 4750
67 4750 5500
71 5500 6000
72 8000 8258
71 8750 9008
72 9500 9758
71 10250 10508
72 12000 12250
71 12750 13000
72 13500 13750
71 14250 14500
71 16000 16250
67 16250 16500
67 16500 16750
71 17500 17750
67 17750 18000
67 18000 18250
69 18500 18750
67 19000 19250
67 19500 19750
71 20000 20250
67 20250 20500
67 20500 20750
71 21500 21750
67 21750 22000
67 22000 22250
69 22500 22750
67 23000 23250
67 23500 23750
74 24000 25000
71 25000 25500
69 25500 25750
67 25750 26500
67 27250 27500
69 27500 27750
71 27750 28000
74 28000 29000
71 29000 29500
69 29500 29750
67 29750 30500
71 32000 32250
67 32250 32500
67 32500 32750
71 33500 33750
67 33750 34000
67 34000 34250
69 34500 34750
67 35000 35250
67 35500 35750
71 36000 36250
67 36250 36500
67 36500 36750
71 37500 37750
67 37750 38000
67 38000 38250
69 38500 38750
67 39000 39250
67 39500 39750
74 40000 41000
71 41000 41500
69 41500 41750
67 41750 42500
67 43250 43500
69 43500 43750
71 43750 44000
74 44000 45000
71 45000 45500
67 45500 45750
69 45750 46500
67 48000 49000
69 49000 49250
67 49250 49500
67 49750 50500
69 50500 50750
67 50750 51000
67 51250 51500
67 51750 52000
67 52000 53000
69 53000 53250
67 53250 53500
67 53750 54500
71 54500 54750
69 54750 55000
67 55000 55250
74 55250 55508
69 55750 56000
74 56000 56500
71 56500 56750
71 56750 57000
67 59250 59500
69 59500 59750
71 59750 60000
71 60000 60008
67 60500 60750
67 60750 61000
71 62500 62758
71 63000 63258
71 63500 63758
74 64000 64750
67 64750 65500
72 65500 66000
74 66000 66750
71 66750 67500
69 67500 68000
74 68000 68750
67 68750 69500
71 69500 70000
74 70000 70750
71 70750 71500
69 71500 71750
67 71750 72000
72 72000 72250
74 72250 72500
72 72500 72750
71 72750 73008
72 73500 73750
74 73750 74000
72 74000 74250
71 74250 74508
67 75000 75250
67 75500 75750
72 76000 76250
74 76250 76500
72 76500 76750
71 76750 77000
72 77500 77750
74 77750 78000
72 78000 78250
71 78250 78500
74 80000 80750
67 80750 81500
72 81500 82000
74 82000 82750
71 82750 83500
69 83500 84000
74 84000 84750
67 84750 85500
71 85500 86000
74 86000 86750
71 86750 87500
69 87500 87750
67 87750 88000
72 88000 88250
74 88250 88500
72 88500 88750
71 88750 89008
72 89500 89750
74 89750 90000
72 90000 90250
71 90250 90508
67 91000 91250
67 91500 91750
72 92000 92250
74 92250 92500
72 92500 92750
71 92750 93000
72 93500 93750
74 94000 94250
72 94500 94750
71 95000 95250
67 95500 96000
